0.0 100.0 0.0
0.05 95.0 5.0
0.1 90.5 9.5
0.15 86.45 13.55
0.2 82.805 17.195
0.25 79.5245 20.4755
0.3 76.57205 23.42795
0.35 73.914845 26.085155
0.4 71.5233605 28.4766395
0.45 69.37102445 30.62897555
0.5 67.433922005 32.566077995
0.55 65.6905298045 34.3094701955
0.6 64.1214768241 35.878523176
0.65 62.7093291416 37.2906708584
0.7 61.4383962275 38.5616037725
0.75 60.2945566047 39.7054433953
0.8 59.2651009443 40.7348990557
0.85 58.3385908498 41.6614091502
0.9 57.5047317648 42.4952682352
0.95 56.7542585884 43.2457414116
1.0 56.0788327295 43.9211672705
1.05 55.4709494566 44.5290505434
1.1 54.9238545109 45.0761454891
1.15 54.4314690598 45.5685309402
1.2 53.9883221538 46.0116778462
1.25 53.5894899385 46.4105100615
1.3 53.2305409446 46.7694590554
1.35 52.9074868502 47.0925131498
1.4 52.6167381651 47.3832618349
1.45 52.3550643486 47.6449356514
1.5 52.1195579138 47.8804420862
1.55 51.9076021224 48.0923978776
1.6 51.7168419101 48.2831580899
1.65 51.5451577191 48.4548422809
1.7 51.3906419472 48.6093580528
1.75 51.2515777525 48.7484222475
1.8 51.1264199772 48.8735800228
1.85 51.0137779795 48.9862220205
1.9 50.9124001816 49.0875998184
1.95 50.8211601634 49.1788398366
2.0 50.7390441471 49.2609558529
2.05 50.6651397324 49.3348602676
2.1 50.5986257591 49.4013742409
2.15 50.5387631832 49.4612368168
2.2 50.4848868649 49.5151131351
2.25 50.4363981784 49.5636018216
2.3 50.3927583606 49.6072416394
2.35 50.3534825245 49.6465174755
2.4 50.3181342721 49.6818657279
2.45 50.2863208449 49.7136791551
2.5 50.2576887604 49.7423112396
2.55 50.2319198843 49.7680801157
2.6 50.2087278959 49.7912721041
2.65 50.1878551063 49.8121448937
2.7 50.1690695957 49.8309304043
2.75 50.1521626361 49.8478373639
2.8 50.1369463725 49.8630536275
2.85 50.1232517352 49.8767482648
2.9 50.1109265617 49.8890734383
2.95 50.0998339056 49.9001660944
3.0 50.089850515 49.910149485
3.05 50.0808654635 49.9191345365
3.1 50.0727789171 49.9272210829
3.15 50.0655010254 49.9344989746
3.2 50.0589509229 49.9410490771
3.25 50.0530558306 49.9469441694
3.3 50.0477502475 49.9522497525
3.35 50.0429752228 49.9570247772
3.4 50.0386777005 49.9613222995
3.45 50.0348099305 49.9651900695
3.5 50.0313289374 49.9686710626
3.55 50.0281960437 49.9718039563
3.6 50.0253764393 49.9746235607
3.65 50.0228387954 49.9771612046
3.7 50.0205549158 49.9794450842
3.75 50.0184994243 49.9815005757
3.8 50.0166494818 49.9833505182
3.85 50.0149845336 49.9850154664
3.9 50.0134860803 49.9865139197
3.95 50.0121374723 49.9878625277
4.0 50.010923725 49.989076275
4.05 50.0098313525 49.9901686475
4.1 50.0088482173 49.9911517827
4.15 50.0079633955 49.9920366045
4.2 50.007167056 49.992832944
4.25 50.0064503504 49.9935496496
4.3 50.0058053154 49.9941946846
4.35 50.0052247838 49.9947752162
4.4 50.0047023054 49.9952976946
4.45 50.0042320749 49.9957679251
4.5 50.0038088674 49.9961911326
4.55 50.0034279807 49.9965720193
4.6 50.0030851826 49.9969148174
4.65 50.0027766643 49.9972233357
4.7 50.0024989979 49.9975010021
4.75 50.0022490981 49.9977509019
4.8 50.0020241883 49.9979758117
4.85 50.0018217695 49.9981782305
4.9 50.0016395925 49.9983604075
4.95 50.0014756333 49.9985243667
